01000010100001000000
01000100100001100001
01000110100010000010
01000011100001000011
01000101100001100100
01000111100010000101
01001000000010100110
01000000000000100111
01000010000001001000
01000001110000101001
01000011110001001010
01000111110010001011
10000000000000000000
10000000000000000001
10000000000000000010
10000000000000000011
10000000000000000100
10000000000000000101
10000000000000000110
10000000000000000111
10000000000000001000
10000000000000001001
10000000000000001010
10000000000000001011
